version https://git-lfs.github.com/spec/v1
oid sha256:889c971d523bd4aaea7ac9966556dbe13bb53dc85307cf108954355120c5dac7
size 5281419
